0
00
000
0000
00000
000000
000111
001
002
003
004
005
006
007
008
009
0123
01234
012345
1
1000
10010
10086
10101
11
110
111
111000
1111
11111
111111
111222
1122
112233
119
120
123
1230
123123
123321
1234
12345
123456
1234567
12345678
123456789
1234567890
123qwe
123QWE
126
1314
131420
131421
1314520
1314521
135
1357
13579
139
147
1470
159
163
1990
1991
1992
1993
1994
1995
1996
1997
1998
1999
1q2w3e
1Q2W3E
1q2w3e4r
2
20
2000
2001
2002
2003
2004
2005
2006
2007
2008
2009
2010
2011
2012
2013
201314
2014
2015
2016
2017
2018
2019
21
211314
222
2222
2233
2323
232323
2333
235
246
2468
24680
258
2580
3
321
321123
333
3333
360
369
4
4321
444
4444
456
456321
5
520
5201314
521
5211314
54321
543210
555
5555
6
654
654321
666
6666
666666
666888
6688
68
6868
7
753
777
7777
7788
789
8
888
8888
888888
88888888
8899
890
9
911
951
9527
987
996
999
9999
abc
ABC
Abc
ABCD
Abcd
abcd
asd
ASD
Asd
asdf
ASDF
Asdf
bnm
BNM
Bnm
iop
IOP
Iop
jkl
JKL
Jkl
q1w2e3
Q1W2E3
qwe
QWE
Qwe
qwe123
QWE123
qwer
QWER
Qwer
qwert
QWERT
Qwert
qwerty
QWERTY
Qwerty
qwertyuiop
QWERTYUIOP
Qwertyuiop
yuiop
YUIOP
Yuiop
ZXC
zxc
Zxc
ZXCV
zxcv
Zxcv